# Camera 1 intrinsic parameters — main camera used for colorization
camera_info:
  cam_model: EquidistantCamera
  cam_width: 1280
  cam_height: 1024
  scale: 1.0
  cam_fx: 464.8906509662917
  cam_fy: 465.0582538242402
  cam_cx: 631.6777733624097
  cam_cy: 523.4363256680425
  k1: -0.017366953282639
  k2: 0.000574174219028
  k3: -0.00154438708609
  k4: 0.000549409825028
# LiDAR–IMU extrinsic parameters
extrin_lidar_imu:
  extrinsic_T: [-0.011, -0.02329, 0.04412]
  extrinsic_R: [1, 0, 0, 0, 1, 0, 0, 0, 1]
# LiDAR → Camera calibration extrinsics (transforming LiDAR-frame points to camera frame)
extrin_lidar_camera:
  R: [-0.0248760658442102, -0.9996892397064623, -0.001614113759963343,
      0.4141228407617354, -0.008835361707340894, -0.9101781194595544, 
      0.9098810109610734, -0.0233100922052239, 0.4142139368657687]
  P: [0.01676915973992406, -0.07646921906772261, -0.02122956222311077]
###################################################################################
# Camera 2 intrinsic parameters
camera2_info:
  cam_width: 4032
  cam_height: 3036
  scale: 1.0
  cam_fx: 1211.9084831112777
  cam_fy: 1212.3702912348367
  cam_cx: 2023.4088082273965
  cam_cy: 1532.3693465942692
  k1: -0.018347844172391
  k2: -0.014938093007782
  k3: 0.019716492944354
  k4: -0.009069798194155
# LiDAR → Camera calibration extrinsics (transforming LiDAR-frame points to camera frame)
extrin_lidar_camera2:
  R: [0.9059042691160828, -0.1160770741036624, 0.4072635118259292,
      0.4059631799814696, -0.03571516578298661, -0.9131912852367935, 
      0.1205460563294744, 0.9925978741668887, 0.01476849697107141]
  P: [-0.06298501616887009, -0.0003668845199533387, 0.06113107786316101]
###################################################################################
# Camera 3 intrinsic parameters
camera3_info:
  cam_width: 4032
  cam_height: 3036
  scale: 1.0
  cam_fx: 1209.063034535143
  cam_fy: 1207.9604788927477
  cam_cx: 1990.483431094418
  cam_cy: 1512.6050143294754
  k1: -0.016294081892357
  k2: -0.018718737421234
  k3: 0.020501011584128
  k4: -0.006574400502145
# LiDAR → Camera calibration extrinsics (transforming LiDAR-frame points to camera frame)
extrin_lidar_camera3:
  R: [-0.9031040412379774, -0.1288779384108699, -0.4096261316012413,
      0.4156906757406699, -0.02307962527813712, -0.9092131724734778, 
      0.107723501622899, -0.9913918538539566, 0.0744166601650228]
  P: [-0.02935434126793997, -0.09045983346892404, -0.02120156130591237]



